layer_1_0_theta_arc: 1.0616697073 1.02111744881 1.13071084023 1.09746277332 0.504702568054 1.05040621758 1.160202384 1.11796987057
layer_2_0_theta_arc: 1.16898214817 1.28430366516 1.36137402058 0.784328103065 1.13354051113 0.305703669786 0.532445907593 1.66935563087
layer_2_1_theta_arc: 0.52368927002 0.486598551273 0.509323120117 0.428632616997 0.612823784351 0.422410607338 1.55341672897 0.725006222725 0.252669006586
layer_2_2_theta_arc: 0.778589785099 0.734356164932 0.701850295067 0.741762399673 1.13546836376 0.686149299145 1.18143391609 0.9642187953 0.623044550419
layer_2_3_theta_arc: 0.363373845816 0.332746356726 0.301406770945 0.287533313036 0.222151830792 0.276729494333 0.179112643003 1.73338735104 0.182543247938
layer_3_0_theta_arc: 1.18455195427 0.93044513464 0.897389292717 0.930976510048 0.943769693375 1.36900007725 0.709890305996 1.14712047577
layer_3_1_theta_arc: 1.01415765285 1.03762626648 1.09112536907 1.02998769283 0.998088657856 1.01431500912 0.933934628963 1.10147583485 1.02927792072
layer_3_2_theta_arc: 1.28432488441 1.30632925034 1.29938912392 1.27081596851 0.173029243946 1.24350583553 1.50076770782 0.954180955887 1.30719614029
layer_3_3_theta_arc: 1.3344219923 1.31255638599 1.32185149193 1.28270888329 1.35131895542 1.2740238905 0.806123495102 0.688872456551 1.2508174181
layer_4_0_theta_arc: 1.30410373211 1.08383023739 1.05005466938 0.887443125248 1.39785408974 1.38369297981 0.998485684395 0.922952413559
layer_4_1_theta_arc: 0.598769903183 0.670997440815 0.635936200619 0.626335859299 1.04199326038 0.683623194695 1.1645822525 1.32331752777 0.621712327003
layer_4_2_theta_arc: 0.701473355293 0.681165039539 0.720223069191 0.728231966496 1.53026032448 0.695960640907 0.692257940769 1.20526480675 0.647071838379
layer_4_3_theta_arc: 0.558554589748 0.582829713821 0.540163934231 0.513346076012 1.20144593716 0.506227374077 0.718453228474 1.44734632969 0.484219521284
layer_5_0_theta_arc: 1.50486910343 0.641588389874 1.00949275494 0.903586626053 1.16346216202 1.45964407921 0.968624770641 0.938976943493
layer_5_1_theta_arc: 0.890566587448 0.86597764492 0.835978925228 0.985388338566 1.5749515295 0.822161376476 0.758252859116 1.07276380062 0.832963943481
layer_5_2_theta_arc: 0.805472552776 0.838395774364 0.89850628376 0.948724329472 1.13477683067 0.797793209553 0.868156671524 0.832748174667 0.691502094269
layer_5_3_theta_arc: 0.892932116985 0.856782078743 0.882026314735 0.934618294239 1.09582531452 0.872371017933 1.0637652874 0.805503964424 0.803764462471
layer_6_0_theta_arc: 1.46929204464 0.385472416878 1.01439881325 0.867038428783 1.73660290241 0.572544455528 0.509145975113 0.54619204998
layer_6_1_theta_arc: 0.497262358665 0.67020213604 0.422079384327 1.00595009327 0.322365880013 0.496799349785 0.469148993492 0.905506134033 0.393693864346
layer_6_2_theta_arc: 0.398078292608 0.509003698826 0.395989686251 0.942430436611 0.392779022455 0.431040525436 0.385655850172 1.36479556561 0.343457132578
layer_6_3_theta_arc: 0.643504083157 0.561014592648 0.287891209126 1.16860425472 0.407081842422 0.403445392847 0.539601206779 1.00339329243 0.373322367668
layer_7_0_theta_arc: 1.12596380711 0.971658408642 1.17452311516 1.41342127323 1.14345979691 0.479963541031 0.69605743885 1.21455430984
