layer_1_0_theta_arc: 8.24310684204 6.27022218704 -6.61472082138 0.27919793129 1.95250499249 -3.59841251373 -0.232420444489 -0.519185006618
layer_2_0_theta_arc: 15.1757068634 -0.114030458033 -1.64869010448 -1.44007384777 -2.57269692421 -2.27469944954 3.25326347351 -10.7577600479
layer_2_1_theta_arc: 14.942653656 -0.0561037361622 -0.698258519173 -1.16850864887 -1.70722532272 -2.31972193718 -2.74983429909 -2.89547109604 -3.23084878922
layer_2_2_theta_arc: 6.22450208664 -0.117617845535 -1.29759824276 -2.48800849915 9.037317276 -3.83958268166 -3.83316254616 -4.74618053436 -4.87950801849
layer_2_3_theta_arc: 14.2679004669 0.160610094666 -0.521049320698 -0.938286304474 -1.66571497917 -1.95259237289 -2.39653921127 -2.99373459816 -3.31464457512
layer_3_0_theta_arc: 0.404664218426 11.8358545303 0.0407505370677 -0.0653824657202 -4.78543901443 -2.24629402161 -2.56297922134 0.636043727398
layer_3_1_theta_arc: 7.86095333099 3.25612783432 0.406172901392 -0.709657609463 -5.55878925323 -2.22935986519 -0.178425177932 0.476183861494 -4.20561981201
layer_3_2_theta_arc: 11.4819574356 2.11712169647 0.342000752687 -2.28669500351 -2.45407509804 -1.79398334026 1.09734654427 -5.13807249069 -3.05343818665
layer_3_3_theta_arc: 7.88472795486 1.19888210297 1.36185967922 -1.64922380447 1.0847069025 -2.44020295143 0.150604993105 -1.22133278847 -3.75284028053
layer_4_0_theta_arc: 10.0229482651 0.596888065338 -0.296710729599 -0.935501039028 -1.50420427322 -2.0390124321 -2.48503899574 -2.85130476952
layer_4_1_theta_arc: 2.11818671227 0.33964163065 -0.931113481522 -1.2402973175 2.94802713394 -2.12657237053 0.314476668835 2.66132736206 -4.02093648911
layer_4_2_theta_arc: 0.8502420187 -0.13354498148 -0.115544691682 -0.997580885887 5.13506126404 -2.05020356178 2.87715435028 -2.18323731422 -4.07190656662
layer_4_3_theta_arc: -0.7258862257 -1.40529680252 -2.01278114319 -3.39321255684 0.196904420853 -3.70102787018 4.29946994781 4.20022821426 -3.76160573959
layer_5_0_theta_arc: 7.34597682953 1.08160495758 0.459762483835 -3.39711260796 -0.363085508347 -1.32685506344 -0.527237951756 -0.359435558319
layer_5_1_theta_arc: 8.15057754517 1.82383275032 1.19981789589 0.876491010189 2.43788456917 -0.673232138157 0.946168243885 -6.84474086761 -1.8074182272
layer_5_2_theta_arc: 7.79934930801 -1.76047289371 -2.27848124504 -2.2317097187 -3.03991508484 -2.74687790871 4.60812711716 -0.720158278942 -3.69349765778
layer_5_3_theta_arc: 1.04323959351 -0.394747972488 -0.0708686038852 -0.530199885368 4.38378286362 -1.46106684208 -7.31415271759 6.33067941666 -2.30082607269
layer_6_0_theta_arc: 3.01757740974 1.42997741699 0.684175252914 -0.124780192971 2.19413614273 -1.19842123985 -2.63133788109 -1.3558037281
layer_6_1_theta_arc: -0.344754815102 -0.743962943554 -1.27141439915 -1.06863832474 0.0346307493746 -1.93586444855 3.80298876762 1.74129402637 -2.49494051933
layer_6_2_theta_arc: 3.40038347244 2.7485499382 2.79556655884 1.54303181171 -5.50314760208 0.412371963263 -1.15846216679 5.6470990181 -0.115000627935
layer_6_3_theta_arc: 0.962015807629 1.5671633482 0.61587947607 0.749516367912 -0.586445748806 -0.219069972634 -7.73440742493 7.03238725662 -1.0100338459
layer_7_0_theta_arc: -0.753383100033 8.61950111389 1.60338461399 -0.644495785236 0.168345764279 -0.39733171463 0.566923856735 1.14478468895
