layer_1_0_theta_arc: -0.102641873062 7.49228858948 -4.17783689499 0.316115498543 3.50552654266 -2.85313129425 -1.68799877167 0.943116784096
layer_2_0_theta_arc: 16.0751266479 -0.156694442034 -0.838527619839 -1.58857059479 1.12198424339 -2.59619402885 -1.77489542961 -5.11777257919
layer_2_1_theta_arc: 16.4208469391 -0.0608633086085 -0.701603889465 -1.49157130718 -1.92717206478 -2.4852411747 -2.75874710083 -3.19221401215 -3.89492583275
layer_2_2_theta_arc: 9.20141029358 1.28598308563 -1.05580806732 -2.53893709183 3.23590826988 -4.18736314774 -4.73652362823 -5.42560958862 -5.80610656738
layer_2_3_theta_arc: 15.5286273956 0.114817649126 -0.644746541977 -1.28259086609 -1.87360048294 -2.53198170662 -2.8478872776 -3.17131662369 -3.85744428635
layer_3_0_theta_arc: -0.66022092104 12.8690071106 0.243141621351 5.75752019882 -0.988990068436 -2.08339905739 -0.775264978409 0.0759970918298
layer_3_1_theta_arc: 5.0265955925 3.33001661301 2.19338870049 0.434626340866 -0.737095236778 -2.01277732849 0.195264294744 0.520746409893 -4.16384506226
layer_3_2_theta_arc: 10.628323555 2.10683822632 0.530549108982 -0.64830249548 -0.0807601138949 -2.17249703407 -2.22329044342 -2.96478295326 -3.83148694038
layer_3_3_theta_arc: 2.4130525589 -0.313359886408 -0.231331795454 -1.52028167248 3.91514444351 -3.02293753624 5.03626680374 -2.96381258965 -4.31707572937
layer_4_0_theta_arc: 10.6574735641 0.462115883827 -0.447142392397 -1.25285828114 -1.45210981369 -2.57737827301 -2.74139022827 -3.10401582718
layer_4_1_theta_arc: 4.09642601013 2.34894299507 0.824222326279 -1.23134791851 0.294371306896 -2.62593722343 -0.71142321825 0.408561468124 -4.3897228241
layer_4_2_theta_arc: 0.84957998991 0.138973653316 -0.93089145422 -1.41042029858 2.39069318771 -2.64072012901 0.255736410618 5.23728275299 -4.05880880356
layer_4_3_theta_arc: -1.10309040546 -1.18199133873 -1.58408045769 -2.15955090523 1.42136275768 -2.81650876999 7.55639314651 0.572695791721 -4.05277013779
layer_5_0_theta_arc: 4.68698692322 1.89738309383 1.05974340439 -1.09082782269 8.70569324493 -1.0915594101 -0.806376159191 0.0625056698918
layer_5_1_theta_arc: 0.306666851044 -0.341901838779 -0.151828289032 -1.03427183628 -1.21887779236 -2.71529078484 3.58707618713 3.70288872719 -3.63322496414
layer_5_2_theta_arc: 5.70132780075 1.84368801117 0.55656349659 -0.0575563684106 -0.712048530579 -1.75200223923 -0.968564152718 -2.75851607323 -2.6779358387
layer_5_3_theta_arc: 1.69537079334 0.861701607704 0.567682743073 -0.187316417694 1.04236626625 -1.23664021492 2.94936394691 -1.84079146385 -2.08561491966
layer_6_0_theta_arc: 3.01411986351 2.05403208733 0.911386072636 0.28164061904 2.19251775742 -1.22773814201 -1.75753283501 0.132685437799
layer_6_1_theta_arc: 1.83194231987 0.532561480999 0.147150725126 -0.216641172767 0.862296998501 -1.51140463352 0.610516250134 8.81038140506e-05 -2.38764762878
layer_6_2_theta_arc: 2.36256527901 2.16185307503 1.92637205124 0.852965176105 -1.09776127338 -0.222461357713 -0.702595412731 -0.271383613348 -1.52778697014
layer_6_3_theta_arc: -1.00853168964 -1.29930651188 -1.23882877827 -1.19411683083 -1.54266285896 -1.94854617119 -2.08127045631 8.85039901733 -2.95842385292
layer_7_0_theta_arc: 0.540142536163 3.14326262474 1.29785585403 1.81170153618 1.16149091721 1.62481200695 0.301404118538 0.362600803375
