layer_1_0_theta_arc: 17.0537281036 -0.506717860699 -1.28380703926 -1.93252718449 -2.37720417976 -2.87581729889 -3.45689105988 -4.02606058121
layer_2_0_theta_arc: 17.7158508301 -0.370853304863 -1.34201383591 -1.86180710793 -2.52612757683 -2.65667247772 -1.09280216694 -0.669100701809
layer_2_1_theta_arc: 17.9017543793 -0.313749432564 -0.929031193256 -1.70408058167 -1.9909299612 -2.65160822868 -2.99756646156 -3.51333284378 -3.78202223778
layer_2_2_theta_arc: 17.3101978302 -0.212686851621 -0.742742598057 -1.24172461033 -1.90895366669 -2.40662908554 -3.01611185074 -3.48638343811 -3.84506034851
layer_2_3_theta_arc: 16.8839149475 -0.213992312551 -0.861999511719 -1.74029099941 -1.98627781868 -2.28154039383 -2.85369181633 -3.18258357048 -3.62908005714
layer_3_0_theta_arc: 15.5586299896 -0.0221318639815 -0.589638531208 0.70239341259 0.0127901881933 -0.0749126300216 -3.10883069038 -1.74960923195
layer_3_1_theta_arc: 15.8063755035 -0.0512062460184 -0.711908400059 -1.33779084682 -1.87629055977 -2.1123251915 -3.10498070717 -2.93506193161 -3.70181012154
layer_3_2_theta_arc: 15.1628828049 -0.0616896934807 -0.64872944355 -1.29586815834 -1.56778204441 -2.15609836578 -2.50894594193 -3.0382540226 -3.28223991394
layer_3_3_theta_arc: 14.7153720856 0.0506076849997 -0.535433351994 -1.29977822304 -1.48409986496 -2.06127071381 -2.55485463142 -2.81525635719 -3.80157995224
layer_4_0_theta_arc: 13.2087345123 0.0368652530015 -1.63653111458 -0.0249313469976 0.0936412736773 -1.8790756464 -0.0238549839705 -0.68334621191
layer_4_1_theta_arc: 13.96788311 0.120445974171 -0.504664778709 -1.08203136921 -1.71373188496 -2.02531003952 -2.84160232544 -2.90424633026 -3.26377344131
layer_4_2_theta_arc: 13.263964653 0.245421767235 -0.477522343397 -1.02556908131 -1.38891005516 -2.03496003151 -2.46167755127 -2.90685892105 -3.43330621719
layer_4_3_theta_arc: 12.7513160706 0.365156143904 -0.271612763405 -0.864348530769 -1.40392625332 -1.78798532486 -2.39230084419 -2.77978444099 -3.59583449364
layer_5_0_theta_arc: 12.5303783417 0.630231499672 -0.566035985947 -1.23390126228 -0.621460914612 -1.61631917953 -0.352147221565 -0.263517409563
layer_5_1_theta_arc: 11.3123416901 0.825091838837 -0.0555295161903 -0.754434108734 -1.30391609669 -1.53262615204 -2.4472284317 -2.92986035347 -3.08129239082
layer_5_2_theta_arc: 10.1510744095 1.01625657082 0.0817168056965 -0.536701023579 -1.25955688953 -1.81415987015 -2.14366865158 -2.79194784164 -2.75978183746
layer_5_3_theta_arc: 9.48401737213 0.951008677483 0.305709779263 -0.391044408083 -1.02836608887 -1.62677097321 -1.89249897003 -2.37360262871 -3.24898481369
layer_6_0_theta_arc: 2.29666090012 2.39076209068 1.96958863735 0.423994541168 -2.03801870346 -1.65055859089 0.0885169580579 -0.180844008923
layer_6_1_theta_arc: 7.22612762451 1.14329147339 0.401081442833 -0.180875048041 -0.758517801762 -1.44544053078 -1.77780365944 -2.12064957619 -2.52891421318
layer_6_2_theta_arc: 5.45725107193 2.19602632523 0.897119939327 0.00974086578935 -0.616338551044 -1.00348985195 -1.80801129341 -2.23104691505 -2.84464097023
layer_6_3_theta_arc: 4.75706291199 1.82858133316 0.916708111763 0.117025874555 -0.464115470648 -1.30769956112 -1.57500422001 -1.93759906292 -2.44635272026
layer_7_0_theta_arc: -1.35534989834 2.54590392113 -1.96671760082 0.22932843864 0.964997529984 -0.798998832703 0.166083097458 2.17760109901
