layer_1_0_theta_arc: 4.53737306595 9.39461326599 -9.15364265442 0.163237571716 3.12534356117 -2.60896682739 0.0104503743351 -2.44353580475
layer_2_0_theta_arc: 12.8917236328 -0.410927087069 -1.02072906494 -1.6432813406 -2.59906458855 -2.48743748665 -1.81106507778 -3.44512152672
layer_2_1_theta_arc: 13.5997495651 -0.612933814526 -0.880320191383 -1.26301252842 -1.66634726524 -1.82448613644 -2.26836562157 -2.83003473282 -2.9641084671
layer_2_2_theta_arc: 6.92706537247 -2.19591498375 -2.74557113647 -3.01470518112 9.82593345642 -4.05793762207 -4.10333156586 -4.55328178406 -4.68194293976
layer_2_3_theta_arc: 3.49300742149 10.4809141159 -0.427161574364 -1.06126832962 -1.56191420555 -1.99214172363 -2.29465508461 -2.47239875793 -2.91959738731
layer_3_0_theta_arc: -2.8641242981 12.5797834396 -0.309322267771 -2.95869112015 -3.73856902122 -1.52615380287 -0.583562672138 1.03701806068
layer_3_1_theta_arc: 2.87219905853 1.59711766243 -0.263172984123 -0.456587821245 0.498453557491 -2.83513259888 -0.176016062498 1.72292435169 -4.34004592896
layer_3_2_theta_arc: 12.5747022629 -0.304955422878 -1.02901625633 9.07232666016 -5.92856454849 -1.65417933464 -3.58844447136 -4.60659790039 -2.36216473579
layer_3_3_theta_arc: 7.4932975769 5.95632314682 1.72648227215 0.918457865715 -2.78286337852 -2.14084720612 -6.85159778595 0.527848958969 -3.15913891792
layer_4_0_theta_arc: 10.4373941422 -0.0110822040588 -0.670747637749 -1.06613874435 -1.60821259022 -1.94543850422 -2.48240685463 -2.60222315788
layer_4_1_theta_arc: 12.0991334915 -1.69266450405 2.14680600166 -1.48343610764 -2.7327170372 -2.26049089432 4.35554647446 -4.33524799347 -2.64913272858
layer_4_2_theta_arc: -0.636861920357 -1.04627418518 -0.179474025965 -1.51380443573 4.85025119781 -2.13182497025 10.054857254 -4.34527683258 -2.78143525124
layer_4_3_theta_arc: 6.9889550209 3.62993860245 1.65273964405 -3.77705097198 -7.94605731964 -1.14159750938 4.27587985992 5.93325853348 -1.74110412598
layer_5_0_theta_arc: 9.44789218903 0.355177611113 -0.366105377674 -1.89500975609 -1.95429956913 -1.60906553268 -1.25982928276 -0.41554376483
layer_5_1_theta_arc: 5.9628443718 4.24533319473 5.25615358353 1.33929276466 1.93502473831 -0.532478272915 -3.02959060669 -4.54500389099 -2.12711930275
layer_5_2_theta_arc: 10.1670827866 0.0151131637394 0.180986851454 0.0318672545254 -0.796566784382 -1.18792533875 1.18791365623 -5.6659283638 -1.83574390411
layer_5_3_theta_arc: 7.65404462814 0.579341828823 0.0158461648971 -0.0758672133088 2.07856988907 -0.95372658968 -9.29116535187 8.85044765472 -1.80570709705
layer_6_0_theta_arc: 6.82155132294 0.315751522779 -0.122157514095 -0.970609307289 -0.668905138969 -1.45686674118 -1.56540977955 -1.32858896255
layer_6_1_theta_arc: 1.2345225811 0.646158874035 -0.20021353662 -0.00705888029188 -4.151014328 -0.687524914742 9.98215389252 -1.17986500263 -1.05522859097
layer_6_2_theta_arc: 9.03189754486 2.37581157684 4.71603441238 1.3167899847 -5.79161930084 -0.193257451057 -1.97146487236 -4.88684988022 -1.10381138325
layer_6_3_theta_arc: 4.18534374237 2.10324406624 0.939854025841 0.132197678089 -3.25148105621 0.224116951227 -2.50427937508 2.02432751656 -1.62954878807
layer_7_0_theta_arc: -0.770846366882 7.91565561295 2.96050024033 -1.09805381298 -5.0830578804 -0.41442784667 0.795030415058 1.42232108116
