layer_1_0_theta_arc: 5.55035495758 3.1802380085 -8.70421981812 0.001943141222 4.83675003052 -2.55845117569 1.17879199982 -1.94065368176
layer_2_0_theta_arc: 10.9578933716 -0.0175811573863 -0.687851428986 -1.42385578156 -0.619064331055 -2.17279148102 -1.94730269909 -3.8428440094
layer_2_1_theta_arc: 11.9589920044 -0.0776273831725 -0.496653288603 -0.945081412792 -1.05152666569 -1.39839780331 -1.72681391239 -1.8032848835 -2.3174829483
layer_2_2_theta_arc: -1.8872307539 2.84740948677 0.368308573961 0.0135069712996 8.19632053375 -1.10225641727 -1.86902666092 -2.6191701889 -2.78413391113
layer_2_3_theta_arc: 10.1146354675 1.06381106377 0.167032167315 0.317266404629 -1.43059527874 -0.796816170216 -1.7197701931 -2.41899800301 -1.89714717865
layer_3_0_theta_arc: -4.36379766464 9.92933177948 0.201656907797 2.83995890617 -6.91456985474 -1.04734277725 -2.12821865082 3.07097816467
layer_3_1_theta_arc: 4.98933124542 3.81246948242 1.48181688786 -0.620153307915 -3.43468570709 -1.31256377697 0.424240529537 0.561585724354 -3.17952895164
layer_3_2_theta_arc: 11.6682548523 -0.170819342136 -0.37574326992 -1.20644462109 -1.65942966938 -1.39913570881 -1.39935338497 -5.02609920502 -1.57875597477
layer_3_3_theta_arc: 5.62082099915 5.70044326782 1.3440592289 0.323412418365 -2.09473490715 -0.688143789768 -5.71633243561 0.511981785297 -1.47763109207
layer_4_0_theta_arc: 6.83197784424 0.352703303099 -0.109987989068 -0.613845169544 -1.0184032917 -1.42015779018 -1.76304733753 -2.28315138817
layer_4_1_theta_arc: 1.14455521107 -0.55829834938 10.0156412125 -0.432501196861 -6.05978631973 -1.39050793648 3.6492934227 -4.39062643051 -1.33709192276
layer_4_2_theta_arc: -1.7237881422 -1.69610500336 -1.56880390644 -1.54565560818 4.8558511734 -2.45638942719 9.37735652924 -1.85520279408 -2.80364966393
layer_4_3_theta_arc: 0.568991839886 0.405611991882 -0.680230617523 -0.167431846261 -6.59960031509 -1.40180528164 4.15985250473 9.28803062439 -1.89415276051
layer_5_0_theta_arc: 5.23459386826 1.08251726627 0.325620889664 -5.45179414749 0.145301014185 -1.27034831047 -2.46277832985 1.56964945793
layer_5_1_theta_arc: 0.506507754326 0.0249636135995 0.192014709115 -0.446362614632 9.69681739807 0.299837261438 -1.62325954437 -5.95031023026 -0.612791538239
layer_5_2_theta_arc: 12.7622375488 -1.16165316105 -0.670618534088 -0.831678032875 -1.7938927412 -1.32323372364 1.80684697628 -6.51094818115 -1.63749599457
layer_5_3_theta_arc: 0.253414899111 -0.822452843189 -0.389749020338 1.1479691267 7.49608516693 -0.902718961239 -7.37254667282 7.98614120483 -0.437425792217
layer_6_0_theta_arc: 2.02029418945 1.07748103142 0.448614120483 0.182008728385 0.760726511478 -0.971973359585 -1.97872936726 -1.57189059258
layer_6_1_theta_arc: -0.931182801723 -0.806061387062 -0.933299303055 -1.02015781403 -3.988322258 -1.27614235878 0.304090291262 10.1093959808 -1.74831521511
layer_6_2_theta_arc: 2.11139941216 1.11877059937 1.38358902931 0.138102769852 -2.16557908058 -1.17392909527 -1.93079054356 -0.370275527239 -1.45583105087
layer_6_3_theta_arc: -1.47893416882 -0.589657485485 -1.08819639683 -1.39205884933 -1.70858430862 -2.14083647728 1.85074901581 3.8115530014 -2.04677772522
layer_7_0_theta_arc: 2.31719279289 11.6370983124 0.24150171876 -0.121354915202 -3.74132561684 -1.40182447433 1.03717696667 0.422854274511
