layer_1_0_theta_arc: 6.65182447433 3.9299967289 -5.96134328842 0.881089746952 4.05682611465 -2.20695447922 0.78440529108 -3.27284669876
layer_2_0_theta_arc: 11.342212677 -0.123390600085 0.185611665249 -1.53980636597 -1.88085973263 -2.14485549927 -0.26835796237 -7.50149297714
layer_2_1_theta_arc: 11.3168706894 0.644465506077 -0.505105018616 -0.975255966187 -1.43058633804 -2.00212144852 -2.57005047798 -2.96586799622 -2.99743032455
layer_2_2_theta_arc: 2.68015527725 0.254978269339 -0.0675686299801 -1.15684247017 9.21229362488 -2.52385282516 -2.73606038094 -3.35946512222 -3.65089559555
layer_2_3_theta_arc: 11.5843400955 -0.154573082924 -0.838714659214 -1.75789737701 -2.5081679821 -3.40911507607 -3.29559230804 -3.90140008926 -3.84506559372
layer_3_0_theta_arc: -3.49680733681 10.0678901672 0.342832863331 7.70667219162 -9.46343231201 -1.28204810619 -1.69029033184 2.90206432343
layer_3_1_theta_arc: 5.88205432892 1.31995236874 -0.252407550812 -1.74984240532 -3.27102804184 -2.60609483719 0.34959551692 1.51785159111 -2.71639347076
layer_3_2_theta_arc: 10.258480072 2.8569624424 2.49999880791 -0.452975392342 -1.55513095856 0.0907141789794 -1.58285880089 -5.73800468445 -1.45864248276
layer_3_3_theta_arc: 7.56693410873 5.06284332275 1.72713017464 0.282302975655 -1.33746850491 -0.545514822006 -5.25344991684 -0.41679918766 -1.64334559441
layer_4_0_theta_arc: 7.69813299179 0.751240551472 -0.116366155446 -0.858226835728 -1.2580960989 -1.57106494904 -1.99403655529 -2.39095902443
layer_4_1_theta_arc: 6.46233034134 -0.0810922160745 9.99936962128 -0.181030407548 -8.91029930115 -1.35216450691 1.53486335278 -2.2921295166 -1.99239826202
layer_4_2_theta_arc: -1.53195023537 -2.09353995323 -1.46765077114 -2.37705850601 5.23337364197 -2.90033888817 9.2131061554 -2.68082642555 -2.48966693878
layer_4_3_theta_arc: -1.69596517086 -0.541059374809 -0.37965130806 0.599147200584 -8.03630065918 -2.01988005638 4.6694188118 10.5632982254 -3.13949036598
layer_5_0_theta_arc: 2.36321139336 1.6850682497 0.921761155128 -8.71121692657 8.01384544373 -0.786298692226 -1.64721655846 -0.0903985053301
layer_5_1_theta_arc: 0.656121313572 -0.422244280577 -0.26486569643 -0.774035811424 9.66850185394 -0.822096884251 -1.3563939333 -4.23570728302 -1.9693120718
layer_5_2_theta_arc: 13.5901584625 -1.92395079136 -2.01327633858 -1.48147857189 -2.01599574089 -2.05528640747 4.68055057526 -7.17036581039 -2.1189095974
layer_5_3_theta_arc: 0.715542793274 0.879548609257 0.16184361279 0.528182268143 8.41697311401 0.570549666882 -10.5113945007 7.98267841339 -0.0381881892681
layer_6_0_theta_arc: 2.25058221817 1.15308272839 0.553362131119 0.0675815418363 1.35446870327 -1.04429388046 -1.35869061947 -2.86944365501
layer_6_1_theta_arc: -1.37672448158 -1.39313435555 -1.3493783474 -1.95933377743 -5.0712313652 -1.77911412716 7.70199346542 7.31836891174 -2.13428473473
layer_6_2_theta_arc: 3.81721019745 3.18668913841 2.10303807259 1.33035671711 -5.77278327942 0.0468766056001 -4.15711450577 0.30151540041 -1.01966011524
layer_6_3_theta_arc: 0.354635596275 0.366056144238 -1.03804171085 0.209811061621 -4.55960559845 -0.437934994698 -1.03109669685 3.31575798988 -1.94131922722
layer_7_0_theta_arc: 0.678149044514 10.5906887054 0.932707309723 0.565965116024 -3.52899599075 -2.10495877266 1.24089241028 0.5434486866
