layer_1_0_theta_arc: -2.17639684677 11.4571590424 -4.00573635101 0.782204627991 -0.459306776524 0.14679248631 -1.31992781162 -0.884006440639
layer_2_0_theta_arc: 8.01822662354 -0.22538754344 -0.379544794559 -0.682411193848 -1.14943385124 -0.968249738216 -3.62895822525 -0.449896633625
layer_2_1_theta_arc: 5.31257820129 3.92425012589 -0.156110689044 -0.950612068176 -1.34594643116 -2.27115726471 -1.97943377495 -1.99221992493 -2.38978624344
layer_2_2_theta_arc: 3.00219607353 3.46179246902 1.60210573673 -0.16571803391 2.92939901352 -1.70392978191 -1.7406976223 -2.06415104866 -1.93539726734
layer_2_3_theta_arc: -1.81889295578 8.34072208405 -0.340438246727 -1.43308985233 -1.12622141838 -1.06707727909 -0.977506875992 -0.863818109035 -1.54650294781
layer_3_0_theta_arc: -1.35479807854 8.35413646698 -0.168516710401 -0.244503334165 -3.48145771027 -0.60442918539 -4.29682016373 2.40994048119
layer_3_1_theta_arc: 9.17853927612 1.79987287521 1.54317879677 0.336745589972 -1.9572070837 0.900876104832 -4.4512629509 -1.4824463129 -0.0417778305709
layer_3_2_theta_arc: 11.5217323303 -0.256500899792 -0.620798647404 0.617504477501 -3.49775075912 -0.300849497318 -0.987577617168 -1.37610757351 -0.806771755219
layer_3_3_theta_arc: 3.36860251427 11.7261581421 1.51334166527 1.50240516663 -3.96844887733 1.71454381943 -5.50587940216 -1.47991836071 -0.633748710155
layer_4_0_theta_arc: 6.33374786377 0.150526896119 -0.629224479198 -0.725255846977 -1.17791426182 -1.24280416965 -1.18143451214 -1.64951980114
layer_4_1_theta_arc: 8.37583351135 0.191538199782 2.12306118011 0.584684848785 -0.763894915581 -0.210124969482 -0.19901612401 -6.21212005615 -0.678381621838
layer_4_2_theta_arc: 6.0675034523 4.47760915756 2.40966081619 1.34022092819 -2.45930743217 0.0653641968966 1.7534686327 -5.70821046829 -1.95939779282
layer_4_3_theta_arc: -0.0570513308048 3.92457652092 3.39239954948 3.13757109642 -6.15507745743 0.951837480068 2.96267557144 1.28820514679 -1.03045046329
layer_5_0_theta_arc: 5.97339916229 0.167388260365 -0.147949188948 -2.82847762108 -0.276041865349 -0.648936629295 -0.376407891512 -0.0185008067638
layer_5_1_theta_arc: 3.91760921478 4.82189893723 3.13593435287 5.91262292862 -2.96601891518 0.0796861425042 0.112757667899 -5.56522130966 -0.0123905455694
layer_5_2_theta_arc: -0.786594569683 0.777830302715 10.4292259216 -0.108484990895 -0.00631323130801 -0.0325608886778 -4.57453489304 -4.85688447952 -0.175815790892
layer_5_3_theta_arc: 1.97262024879 4.45531654358 5.14319372177 2.67999744415 -6.55884504318 -0.078409999609 -5.52023983002 3.31518697739 3.74567127228
layer_6_0_theta_arc: 2.05985879898 1.64486384392 1.37671077251 0.079797051847 -2.12054038048 -0.836631059647 -2.38404393196 0.482715725899
layer_6_1_theta_arc: 0.571165442467 -0.371685028076 0.713591337204 -0.193233013153 -0.877072572708 -1.94628465176 -0.0905586332083 6.47863674164 -1.9072432518
layer_6_2_theta_arc: -1.43292438984 -0.933173120022 -1.8543368578 2.22792243958 -1.12055552006 3.43174815178 6.15409469604 -2.99037957191 -0.0565490350127
layer_6_3_theta_arc: -1.0933817625 -0.161316648126 0.651629090309 -0.747794270515 7.36375284195 1.81537568569 -0.244300886989 -3.45621085167 -0.86846601963
layer_7_0_theta_arc: 0.984636485577 6.14170312881 4.81984376907 -0.163006544113 -3.92916154861 0.535687923431 3.14042615891 4.03470134735
