layer_1_0_theta_arc: 10.3054714203 2.47225785255 -6.35656642914 1.7671995163 2.00354599953 -4.0040678978 0.574799060822 -2.14563369751
layer_2_0_theta_arc: 14.7574176788 -0.043698463589 10.4672060013 -1.05648136139 -3.57751870155 -1.75392067432 1.40330553055 -12.7410345078
layer_2_1_theta_arc: 14.6742401123 -0.0429243594408 -0.670610189438 -1.1563833952 -2.04172587395 -2.15935325623 -2.57308459282 -2.80487298965 -3.35977005959
layer_2_2_theta_arc: 6.18476772308 1.28722548485 -0.413103401661 -1.60047864914 8.38720989227 -2.57552456856 -3.18194031715 -3.7060739994 -4.50746107101
layer_2_3_theta_arc: 13.6885261536 0.0362828411162 -0.589180707932 -1.11916542053 -1.82907998562 -2.13020706177 -2.58521032333 -3.03548932076 -3.57476568222
layer_3_0_theta_arc: 0.0931968837976 11.6648988724 0.152954936028 0.915623426437 -7.21727895737 -1.96480739117 -2.25237154961 0.948275923729
layer_3_1_theta_arc: 7.19337511063 1.83570563793 -0.0325444489717 -0.506968379021 -8.27840137482 -2.47014069557 1.03183376789 1.73722505569 -3.87135195732
layer_3_2_theta_arc: 14.2788105011 1.12249815464 0.155303731561 -1.96436500549 1.28216433525 -1.14946615696 -4.46436786652 -4.78988313675 -2.10317420959
layer_3_3_theta_arc: 8.14893245697 2.05905032158 1.47175228596 0.195606008172 0.191577807069 -2.15405297279 -0.445427507162 -1.59508395195 -2.58704257011
layer_4_0_theta_arc: 9.86373901367 0.657071828842 -0.279460370541 -0.998662769794 -1.56816160679 -1.99647402763 -2.47049021721 -3.03928661346
layer_4_1_theta_arc: 0.984979629517 -0.102964013815 6.98681402206 -1.61583805084 -2.06683301926 -1.85959732533 1.93338930607 3.5221965313 -3.37831234932
layer_4_2_theta_arc: 2.84688091278 1.35239779949 0.398941963911 0.0991105437279 -2.17733836174 -1.18766820431 2.80968165398 -0.168895795941 -2.98744487762
layer_4_3_theta_arc: -2.51529979706 -2.63242697716 -3.04394483566 -2.99331068993 -4.37282085419 -3.68917703629 10.5101423264 8.14709758759 -3.87522935867
layer_5_0_theta_arc: 7.876101017 1.0796662569 0.48012009263 -6.75826644897 1.03473103046 -1.24136996269 -0.909493207932 0.57569372654
layer_5_1_theta_arc: 6.79978466034 2.08584785461 1.33633089066 0.62884926796 2.18706846237 -0.841273128986 -1.72778570652 -3.9931511879 -1.84672546387
layer_5_2_theta_arc: 3.36132836342 -0.318958729506 -0.647874772549 -0.762582719326 -1.15855503082 -1.50297510624 7.23952817917 -2.31667351723 -2.40726041794
layer_5_3_theta_arc: -0.500116288662 -0.358428508043 -0.848030745983 -0.830308437347 7.69521951675 -1.31815481186 -11.4905700684 7.29709768295 -1.8092648983
layer_6_0_theta_arc: 3.17388343811 1.68939721584 0.85385543108 0.0277978889644 0.654175698757 -0.976569950581 -2.33511424065 -0.688914060593
layer_6_1_theta_arc: -0.770892262459 -1.32562828064 -0.817506074905 -1.71399211884 -7.43474960327 -1.23544609547 1.75341033936 10.1184492111 -1.9508395195
layer_6_2_theta_arc: 4.72422647476 3.71310853958 2.36648058891 2.81541657448 -5.0767660141 0.179847672582 -1.00556921959 -0.732260704041 -0.806138336658
layer_6_3_theta_arc: -0.829510569572 -0.850836157799 -0.833012402058 -1.2162771225 -1.4903318882 -1.24779903889 -2.92175102234 12.562204361 -1.68755578995
layer_7_0_theta_arc: 1.80979382992 6.19590568542 0.720948815346 -0.0214983336627 -0.285816431046 -0.570149421692 0.315130680799 1.25167882442
