layer_1_0_theta_arc: 10.1519632339 2.64214968681 -7.09311771393 1.4032394886 3.44262552261 -1.99665415287 -1.92010748386 -1.69648718834
layer_2_0_theta_arc: 13.9571294785 0.01705314219 5.62614345551 -1.20793139935 0.560877025127 -1.93379557133 1.4876512289 -11.5129308701
layer_2_1_theta_arc: 13.7777013779 0.0919210314751 -0.569665372372 -1.08713674545 -1.51767122746 -2.16190099716 -2.47058081627 -2.76181769371 -3.35951638222
layer_2_2_theta_arc: 0.59715616703 2.21792793274 1.16589128971 -0.646740198135 9.54054641724 -2.82824778557 -3.19297671318 -3.61955666542 -4.05693244934
layer_2_3_theta_arc: 12.3735656738 -0.0556413494051 -0.464136809111 -0.932989001274 -1.47083616257 -1.97504889965 -2.15341496468 -2.5462846756 -2.88418722153
layer_3_0_theta_arc: -4.62739706039 12.464058876 0.232088565826 -1.1050465107 -8.8822927475 -1.58194720745 -0.420508742332 2.97179412842
layer_3_1_theta_arc: 6.76171731949 2.97958803177 1.12111437321 0.020286783576 -7.61630344391 -0.275602638721 1.78809225559 1.21368384361 -2.9668340683
layer_3_2_theta_arc: 10.4123888016 2.85492873192 0.978249371052 2.42605209351 2.35375714302 -0.966046690941 -0.69253641367 -6.9853219986 -2.55836462975
layer_3_3_theta_arc: 8.56165218353 3.42419672012 2.05120158195 -0.572680830956 -1.32026672363 -1.32828295231 -1.69148790836 -1.1906658411 -3.75231361389
layer_4_0_theta_arc: 8.85719680786 0.459779381752 -0.257791548967 -0.81516289711 -1.26538801193 -1.90364992619 -2.34171104431 -2.57117891312
layer_4_1_theta_arc: 1.32566618919 -0.113228820264 2.1384832859 -1.29830574989 -4.33626747131 -2.5225713253 6.74175405502 0.650351166725 -3.33549809456
layer_4_2_theta_arc: 1.18211996555 0.0345684289932 0.324164152145 -0.0968093425035 2.01552391052 -1.7505415678 4.67734479904 -1.42510867119 -2.79002380371
layer_4_3_theta_arc: -0.540620267391 -0.686875939369 -1.42142701149 6.34849452972 -4.36875534058 -2.02632474899 4.48444271088 7.49392080307 -2.75727462769
layer_5_0_theta_arc: 7.0433382988 1.04526209831 0.183167994022 -6.83100032806 0.424655079842 -1.29573392868 -0.774185061455 0.318082034588
layer_5_1_theta_arc: 4.75764513016 0.43112385273 0.449282348156 0.984242856503 5.15434074402 0.186264097691 -0.835116744041 -5.10182857513 -1.34665954113
layer_5_2_theta_arc: 8.73995304108 -0.320635080338 -0.316066980362 -0.610177278519 -0.573294639587 -1.05739712715 4.43812131882 -4.1682343483 -1.63745081425
layer_5_3_theta_arc: -1.99896609783 -1.3158737421 -1.85098946095 -1.86327195168 9.75362968445 -2.10864567757 -9.44014167786 7.73213863373 -3.0219476223
layer_6_0_theta_arc: 2.26773905754 1.41798055172 0.685137271881 0.0596553571522 0.191008642316 -1.03831243515 -1.22510743141 -2.00356221199
layer_6_1_theta_arc: -0.364247918129 -0.473670125008 -0.677904725075 -0.21133865416 -5.00009727478 -0.957398176193 5.58117246628 6.96480512619 -2.24263834953
layer_6_2_theta_arc: 2.36331725121 2.48943805695 0.761191248894 0.268867850304 -6.37956428528 -0.131456673145 -0.25964730978 1.74904882908 -1.43355154991
layer_6_3_theta_arc: 1.78094649315 1.49765634537 0.711435079575 0.0172332748771 -1.45151746273 -0.554798603058 -4.75402259827 4.12514877319 -1.80365884304
layer_7_0_theta_arc: 0.896962761879 6.16823911667 0.752291977406 0.225056648254 -1.36744964123 -0.039072573185 1.07762515545 0.816184103489
