layer_1_0_theta_arc: 8.90010547638 1.55452370644 -6.78706502914 1.53883397579 4.33469390869 -3.32207942009 -0.537118732929 -2.97806167603
layer_2_0_theta_arc: 14.3800401688 -0.0181529596448 2.21030259132 -1.00527119637 0.197854578495 -2.14190816879 2.25862360001 -11.4498414993
layer_2_1_theta_arc: 13.3566770554 -0.172298043966 -0.940791249275 -1.32147157192 -1.9252409935 -2.46090006828 -2.73168945312 -2.53285861015 -3.34779548645
layer_2_2_theta_arc: 1.82054293156 -0.290785968304 -1.04862451553 -1.47790491581 10.7605228424 -2.08475661278 -2.84320068359 -3.18676877022 -3.49729585648
layer_2_3_theta_arc: 11.2380857468 0.640786170959 -0.451385468245 -1.29003357887 -1.48544895649 -2.36040377617 -2.38942670822 -3.51986289024 -3.26456475258
layer_3_0_theta_arc: -5.34978532791 7.77906322479 0.901752173901 9.49343967438 -10.0935707092 -1.28292691708 -1.21921539307 3.1532022953
layer_3_1_theta_arc: 6.93461227417 2.18345832825 0.102048031986 -0.269144594669 -6.0677728653 -1.97407925129 1.09244561195 1.20310199261 -3.54955291748
layer_3_2_theta_arc: 8.32563400269 1.2786771059 0.792608320713 2.98850274086 2.93846750259 -1.34099841118 -1.93017804623 -5.93062496185 -2.60542201996
layer_3_3_theta_arc: 7.60872554779 5.19431638718 2.80636167526 0.188807338476 -1.21447205544 0.388686656952 -2.91656923294 -1.53405559063 -1.11495006084
layer_4_0_theta_arc: 8.38768100739 0.358684152365 -0.342144042253 -0.977433919907 -1.48401045799 -1.96729493141 -2.19358181953 -2.41203999519
layer_4_1_theta_arc: 4.18704891205 -0.0855735093355 11.0810604095 -0.381412893534 -6.07230758667 -1.58390629292 1.96885383129 -2.10223865509 -2.34472632408
layer_4_2_theta_arc: -0.586535513401 -2.18603634834 -1.01837480068 -2.72585749626 2.45063662529 -3.44971084595 6.86069154739 -0.282652407885 -4.05158805847
layer_4_3_theta_arc: -0.847637832165 -0.853460013866 -1.05776786804 1.31897866726 -5.6510925293 -1.78805851936 4.93948221207 9.12767791748 -2.40142512321
layer_5_0_theta_arc: 2.34403920174 1.13797593117 0.686435222626 -7.73876428604 10.905708313 -0.417090982199 -1.94027042389 -0.208650454879
layer_5_1_theta_arc: 2.03939366341 -0.0683979839087 -0.250197827816 -0.996826589108 9.76383399963 -1.8785790205 -2.11473560333 -3.80871987343 -1.91474032402
layer_5_2_theta_arc: 11.5800657272 -2.19734072685 -2.17257213593 -2.35957789421 -2.61541008949 -2.59529256821 6.19702625275 -5.69182872772 -2.81553840637
layer_5_3_theta_arc: 0.206484347582 -0.0570300705731 -1.01292872429 -0.331345379353 9.56191825867 -1.3745392561 -9.4106798172 8.18756484985 -0.746926784515
layer_6_0_theta_arc: 2.62006950378 1.21474087238 0.645592331886 -0.100565031171 0.107754901052 -0.951858103275 -1.38796770573 -1.80599963665
layer_6_1_theta_arc: -0.789457142353 -1.1262499094 -1.09032201767 -1.28813123703 -6.49043512344 -1.26369667053 9.2060213089 4.11450433731 -2.12057185173
layer_6_2_theta_arc: 3.46177124977 3.23617386818 1.91364967823 1.57096147537 -5.58758735657 0.144719228148 -3.85864830017 0.837483465672 -1.36391913891
layer_6_3_theta_arc: 1.30745029449 0.646808743477 0.215085670352 0.127104058862 -2.82468080521 -0.0828076004982 -3.84621787071 3.20944452286 -2.06819248199
layer_7_0_theta_arc: 0.964796423912 9.10021305084 1.61470901966 0.286131829023 -3.38534188271 -1.83127832413 1.07664644718 0.900842189789
