layer_1_0_theta_arc: 6.00355052948 4.09913921356 -6.78130960464 0.0876382142305 4.53837537766 -2.79644298553 0.41330242157 -2.5995028019
layer_2_0_theta_arc: 10.7448177338 -0.0343188233674 -0.594756543636 -1.17780470848 -1.52716696262 -2.03216028214 -1.84476554394 -4.38366651535
layer_2_1_theta_arc: 12.6342430115 -0.519515275955 -1.07771754265 -1.7585862875 -1.93673312664 -2.26723623276 -2.45052838326 -2.67746901512 -2.77738237381
layer_2_2_theta_arc: -1.91074848175 2.99760556221 1.08317875862 0.38106444478 8.59809780121 -1.8094741106 -1.69679367542 -2.62422657013 -2.93451929092
layer_2_3_theta_arc: 10.5546274185 0.104468382895 -0.702208101749 -1.08651518822 -1.88160419464 -1.83669304848 -2.20199465752 -2.66589641571 -2.81095647812
layer_3_0_theta_arc: -3.87264680862 9.75426959991 0.359755337238 5.62538146973 -7.17626571655 -1.32612371445 -1.42791593075 2.08497166634
layer_3_1_theta_arc: 5.020591259 3.47792673111 0.645903229713 0.774077892303 -2.82989883423 -1.97517883778 0.130930125713 1.04198122025 -3.14990830421
layer_3_2_theta_arc: 11.2239246368 -0.0187500659376 -0.541804909706 -0.849850177765 -2.06434369087 -1.23143768311 -1.033005476 -5.42796897888 -2.4934527874
layer_3_3_theta_arc: 6.2564740181 4.4942317009 0.819646775723 -0.386437863111 -2.11120724678 -1.57511818409 -5.51577997208 0.99268078804 -1.57325494289
layer_4_0_theta_arc: 6.99618577957 0.753917455673 -0.0920571833849 -0.642184376717 -1.06731665134 -1.64764785767 -1.84836184978 -2.22258543968
layer_4_1_theta_arc: 4.20088863373 -0.362607300282 9.92116737366 -0.755733072758 -6.17151260376 -1.55915689468 2.67838549614 -4.3003077507 -2.08084750175
layer_4_2_theta_arc: -1.72527968884 -1.50390207767 -1.20115160942 -1.89051771164 6.67752933502 -2.08193492889 9.07604980469 -4.2770357132 -2.34397220612
layer_4_3_theta_arc: -0.661026895046 -0.594889938831 -0.871976673603 -0.0754895284772 -6.78121709824 -0.485975205898 3.79886031151 10.4164524078 -1.1912612915
layer_5_0_theta_arc: 4.20181941986 1.41715121269 0.592253625393 -6.46299505234 2.59174442291 -0.850641191006 -1.48125255108 0.328713238239
layer_5_1_theta_arc: 1.79211354256 2.31888341904 1.39715743065 1.50525927544 8.72699737549 1.01819503307 -3.34440994263 -4.43369054794 -0.699321091175
layer_5_2_theta_arc: 14.0808572769 -1.05516433716 -1.00521421432 -1.1896071434 -1.03341007233 -0.955426692963 1.19279265404 -5.9656047821 -1.4899469614
layer_5_3_theta_arc: -1.06501924992 -1.52377009392 -1.16013276577 -1.8772097826 9.13621044159 -2.19736027718 -10.1188774109 8.63456249237 -0.809895336628
layer_6_0_theta_arc: 1.95598089695 1.19349777699 0.688290178776 0.262767732143 1.58820283413 -0.739441454411 -2.25749635696 -1.99193000793
layer_6_1_theta_arc: -1.1025749445 -1.68161892891 -1.59917926788 -1.80515396595 -3.96811413765 -1.28679859638 2.1416387558 10.7364826202 -1.80275499821
layer_6_2_theta_arc: 4.13946294785 1.65782523155 0.467503339052 0.91108584404 -2.91690778732 -0.10499677062 -3.6574857235 -0.791486978531 -1.52545559406
layer_6_3_theta_arc: -0.522950768471 -0.479088544846 0.328122168779 -0.93138474226 -2.88973355293 -0.918516874313 2.26616287231 2.9855196476 -2.53399372101
layer_7_0_theta_arc: 0.724924087524 11.5565137863 0.750252306461 0.474273562431 -3.12887811661 -1.80065381527 1.26511561871 0.180291816592
