layer_1_0_theta_arc: 3.66902828217 1.81971347332 1.25822997093 -0.452717751265 0.545199215412 1.76400697231 0.593364715576 -6.05000495911
layer_2_0_theta_arc: 3.54333496094 0.157567277551 0.0286131799221 -3.14862370491 0.440244913101 0.225920915604 -0.0706900656223 0.0835304483771
layer_2_1_theta_arc: 0.239584565163 0.151106953621 0.0422409959137 -0.444618076086 0.217565834522 -0.123073749244 -0.222991004586 -0.905095040798 1.20858752728
layer_2_2_theta_arc: -0.343810558319 -0.327548861504 -0.419940620661 -0.888791024685 -0.084319666028 -0.379166603088 -0.0406334027648 -1.22659671307 0.581207573414
layer_2_3_theta_arc: 0.00710129924119 0.11616384238 -0.00538848759606 -0.555416047573 0.137263253331 -0.0587555989623 -0.262422502041 -1.00716197491 1.1335195303
layer_3_0_theta_arc: 0.064433760941 -1.38905346394 1.44570970535 0.882468283176 3.35374617577 0.335082232952 0.6999771595 -1.74880313873
layer_3_1_theta_arc: -0.0369981639087 -0.227865770459 -0.0989984720945 -0.151459157467 0.136723160744 -0.168101266026 0.00265484023839 -0.317921698093 0.742961704731
layer_3_2_theta_arc: -0.0828783735633 -0.0580525323749 -0.0595036409795 -0.204648762941 0.0159271266311 -0.136258646846 -0.0490532815456 -0.158166468143 0.451774865389
layer_3_3_theta_arc: 0.00597161054611 -0.08668795228 -0.031696472317 -0.211584895849 -0.00610041990876 -0.163871049881 -0.00540278851986 -0.167818754911 0.63036352396
layer_4_0_theta_arc: 0.174864590168 -0.0298350267112 6.94435596466 2.96529150009 2.7434566021 1.95743000507 -3.22502946854 -4.71956777573
layer_4_1_theta_arc: -1.17983019352 -0.877446174622 -1.40828275681 -0.878639996052 -1.06092822552 -0.934961259365 -1.50833106041 1.8125026226 -0.079312749207
layer_4_2_theta_arc: 0.0696686208248 0.0332948192954 0.00352400168777 -0.301459610462 0.0398475825787 -0.075162678957 0.237572625279 0.2654697299 0.898258924484
layer_4_3_theta_arc: 0.219807937741 0.032829541713 -0.0921168997884 -0.105737641454 0.0201009567827 -0.043761536479 -0.0836068093777 0.0672736614943 1.08689045906
layer_5_0_theta_arc: 4.47362518311 0.0939160361886 3.75962424278 1.47015321255 -1.33401715755 0.0868638753891 0.0376107022166 -1.76008737087
layer_5_1_theta_arc: 0.0892820581794 0.0130222830921 -0.156437292695 -0.378006607294 0.25929838419 -0.0124603640288 -0.106477797031 -0.610267162323 1.20543515682
layer_5_2_theta_arc: -0.214218139648 -0.0501484572887 -0.0481501333416 -0.488161981106 0.149477571249 -0.0882430747151 -0.139411374927 -0.493837952614 1.23826873302
layer_5_3_theta_arc: 0.09464623034 -0.110729105771 -0.152910381556 -0.399298876524 0.0484649017453 -0.135542839766 -0.20787422359 -0.450524806976 1.44876456261
layer_6_0_theta_arc: 0.838643789291 -0.0162874739617 -0.773469567299 -0.455757498741 1.69025468826 0.276569157839 2.26633810997 0.192275285721
layer_6_1_theta_arc: 0.264463424683 0.099584273994 -0.208143815398 -0.731568396091 0.147735670209 0.0991456061602 0.004449037835 -1.0303940773 1.44808018208
layer_6_2_theta_arc: 0.115158230066 0.303484708071 -0.268804907799 -0.811008751392 0.197348281741 0.0840785503387 -0.198996648192 -0.963397145271 1.48083627224
layer_6_3_theta_arc: 0.0765861719847 0.145652711391 -0.185932695866 -0.815813302994 0.208021312952 0.0730091333389 -0.325598746538 -0.754695653915 1.2760951519
layer_7_0_theta_arc: 2.97833609581 7.63139915466 0.174784079194 1.8330322504 -1.27099871635 3.2867000103 -0.259636998177 -0.369856238365
