layer_1_0_theta_arc: 17.6669044495 -0.495338708162 -1.38590335846 -1.90156519413 -2.68728923798 -3.27451086044 -3.77912712097 -4.15688037872
layer_2_0_theta_arc: 18.0867710114 -0.367041140795 -0.565815806389 -1.02548336983 -2.22349333763 -1.14889192581 -1.35459017754 -0.245078265667
layer_2_1_theta_arc: 18.0665054321 -0.230399817228 -0.961007416248 -1.45124614239 -2.14279675484 -2.79444646835 -2.95455026627 -3.64567828178 -3.81773304939
layer_2_2_theta_arc: 17.5073375702 -0.184312656522 -1.05423974991 -1.5962382555 -1.95143902302 -2.62695002556 -3.02084231377 -3.57699728012 -3.78693270683
layer_2_3_theta_arc: 17.1872806549 -0.135513186455 -0.783530831337 -1.6803123951 -2.09096717834 -2.24557995796 -2.98199057579 -3.36523604393 -3.88729333878
layer_3_0_theta_arc: 15.8440589905 0.00204028375447 -0.748900532722 -0.602344274521 0.648588180542 -0.810194849968 -2.08774089813 -0.0878492817283
layer_3_1_theta_arc: 16.2994918823 0.00393485091627 -0.710057675838 -1.40527069569 -1.96845138073 -2.44480323792 -2.8370013237 -3.3074259758 -3.76567006111
layer_3_2_theta_arc: 15.5330553055 0.0214864388108 -0.717136144638 -1.15495789051 -1.79413485527 -2.16911745071 -2.68396615982 -3.14052176476 -3.55305337906
layer_3_3_theta_arc: 14.7649745941 0.0573461279273 -0.483530163765 -1.15661048889 -1.51421642303 -2.17393660545 -2.54758691788 -3.0249171257 -3.50421452522
layer_4_0_theta_arc: 13.3998689651 0.323792397976 -0.892775833607 0.964235961437 0.945711553097 -1.85335052013 0.488949626684 -0.40074172616
layer_4_1_theta_arc: 13.7867527008 0.322934180498 -0.392571121454 -1.04069280624 -1.51253151894 -2.13522338867 -2.53954982758 -2.99659347534 -3.46411037445
layer_4_2_theta_arc: 12.8406171799 0.33997926116 -0.309086471796 -0.881592929363 -1.40512037277 -2.06534767151 -2.52004241943 -2.51536107063 -3.26272249222
layer_4_3_theta_arc: 12.2198038101 0.38083165884 -0.220528259873 -0.633518099785 -1.38153982162 -1.89414668083 -2.26891493797 -2.95834851265 -3.10068416595
layer_5_0_theta_arc: 10.2890787125 1.35912597179 -1.30575597286 -0.872680485249 0.00894784927368 -2.18339109421 0.549509823322 0.446985989809
layer_5_1_theta_arc: 10.8394365311 0.757354736328 0.00039183255285 -0.679156005383 -1.09144282341 -1.74177062511 -2.18766927719 -2.67805409431 -3.16961526871
layer_5_2_theta_arc: 10.0388278961 1.07999873161 0.262343883514 -0.486229479313 -1.20192825794 -1.93199324608 -2.33690929413 -2.66344499588 -2.86746549606
layer_5_3_theta_arc: 8.99742984772 1.04808628559 0.160016193986 -0.571862220764 -1.01114225388 -1.55906403065 -1.80874323845 -2.67212843895 -2.90734243393
layer_6_0_theta_arc: 3.77371573448 2.92635464668 2.04222559929 0.129053175449 -0.1461353302 -1.84619450569 -0.243464618921 0.838440597057
layer_6_1_theta_arc: 6.53051805496 1.50749206543 0.718500077724 -0.00903505645692 -0.772406578064 -1.19664561749 -1.7422362566 -2.45317292213 -2.58298230171
layer_6_2_theta_arc: 5.35722875595 1.71369946003 0.8176689744 0.073562450707 -0.513744473457 -1.13936722279 -1.60849201679 -2.17081880569 -2.44423246384
layer_6_3_theta_arc: 4.00140523911 1.89168000221 1.1400924921 0.289733827114 -0.298697113991 -1.0503731966 -1.38371491432 -1.84132564068 -2.44384598732
layer_7_0_theta_arc: -0.547886967659 1.77311468124 -0.247674435377 1.0138219595 1.16787755489 -1.30403792858 0.970269739628 1.22979903221
