layer_1_0_theta_arc: 1.85714650154 9.05925369263 -7.13382577896 -0.318411529064 2.33986759186 -3.30768704414 -1.86508703232 1.42204082012
layer_2_0_theta_arc: 15.0746059418 -0.109311327338 -0.529900670052 -1.79096090794 -1.14978349209 -3.01910448074 -0.285239458084 -7.518450737
layer_2_1_theta_arc: 15.6117124557 -0.0546268448234 -0.696723341942 -1.29491996765 -2.07409739494 -2.18617486954 -2.5997531414 -3.16839122772 -3.54655981064
layer_2_2_theta_arc: 11.5482177734 -0.190575808287 -1.35650885105 -2.16743969917 2.87057685852 -3.38824629784 -3.68666768074 -4.51700115204 -4.7986073494
layer_2_3_theta_arc: 14.7352266312 0.0596827380359 -0.561146080494 -1.15742146969 -1.54722464085 -2.52409029007 -2.52539157867 -3.04860234261 -3.38509321213
layer_3_0_theta_arc: 0.0960532128811 11.5290269852 0.137705609202 -2.01554393768 -3.37118935585 -2.38790297508 -0.450442552567 -0.27907577157
layer_3_1_theta_arc: 6.95349359512 3.1638944149 0.983583450317 -0.948577463627 -2.52804708481 -2.28254294395 1.56155622005 -0.532773196697 -4.27561616898
layer_3_2_theta_arc: 9.67281627655 2.6534640789 0.284523695707 0.0861179977655 2.53754281998 -1.9338183403 -1.23900699615 -3.80372548103 -3.65010595322
layer_3_3_theta_arc: 4.31990718842 1.52676868439 2.09024333954 -0.952694714069 4.58503866196 -2.3716878891 -0.168712198734 -0.527264773846 -4.09864330292
layer_4_0_theta_arc: 10.272313118 0.698013007641 -0.277430474758 -0.972552418709 -1.65459704399 -2.03171539307 -2.62633943558 -3.21446299553
layer_4_1_theta_arc: 2.10627150536 0.582503318787 0.488727271557 -2.02382802963 2.96058797836 -3.2068426609 -2.29423689842 3.48010587692 -4.87987709045
layer_4_2_theta_arc: 1.40202891827 0.411415100098 -0.270273029804 -1.3634159565 5.78078699112 -2.01968240738 2.52124452591 -0.0209847278893 -3.75257587433
layer_4_3_theta_arc: 2.82279133797 1.18936574459 -0.433520317078 0.726402640343 -2.00413513184 -1.89584696293 3.7321434021 1.73563539982 -3.45296955109
layer_5_0_theta_arc: 8.22593021393 0.836504995823 0.188166454434 -5.77457237244 -0.830910921097 -1.57055711746 -0.166943430901 0.560388684273
layer_5_1_theta_arc: 4.00370550156 1.84650433064 1.65384936333 0.235183164477 5.64878940582 -0.63926422596 1.94002592564 -2.96584796906 -2.1330883503
layer_5_2_theta_arc: 2.82822990417 1.25482237339 0.321371018887 -0.298149853945 -1.17619025707 -1.64499974251 2.92206740379 -2.70890831947 -2.98787713051
layer_5_3_theta_arc: 0.736189842224 -0.0459079556167 -0.118357934058 -0.56189507246 0.909946680069 -1.65729570389 -2.65093231201 7.06766557693 -2.75783872604
layer_6_0_theta_arc: 3.00712251663 1.75225520134 0.956005930901 -0.0110818166286 2.22976326942 -1.04685688019 -3.10056829453 0.136582791805
layer_6_1_theta_arc: 3.57569003105 1.40741932392 0.727422654629 -0.0195518732071 -0.0218858849257 -1.14259624481 -0.318065643311 -3.46861553192 -2.52368950844
layer_6_2_theta_arc: 0.0170607157052 -0.39094427228 -0.561100423336 -0.814374685287 -5.90065050125 -1.06218075752 -1.44691646099 10.0593919754 -1.35387325287
layer_6_3_theta_arc: 4.16484832764 2.07595467567 1.33202517033 0.582259535789 -0.0131557518616 -0.259781837463 -4.88053607941 -1.95588171482 -1.51468658447
layer_7_0_theta_arc: -0.228362008929 5.59925127029 1.66720318794 0.0803259015083 1.40766203403 0.836335301399 0.0827611386776 1.06674230099
