layer_1_0_theta_arc: 0.639042615891 1.48361086845 -0.445211112499 1.46115469933 1.42505395412 -0.000711323693395 -2.99820351601 4.16006612778
layer_2_0_theta_arc: -1.26223266125 -0.000543669331819 4.29715681076 4.22788143158 3.20452928543 0.00461519975215 4.58594083786 -7.06851387024
layer_2_1_theta_arc: -2.5471470356 -1.94324064255 -2.59256672859 -2.10859322548 -2.15012550354 -2.1861872673 -2.74868679047 15.8311023712 -1.94628536701
layer_2_2_theta_arc: -0.612566709518 0.0141288582236 -0.500751376152 -0.0641603395343 -0.816070914268 0.730427443981 3.25919342041 -3.62737512589 -0.614480018616
layer_2_3_theta_arc: -0.307085603476 -1.05572128296 -1.35412395 -1.67182970047 -1.3737705946 -0.43057641387 0.721625626087 3.50136065483 -1.53658986092
layer_3_0_theta_arc: 0.0123477336019 0.00748315313831 4.02808380127 -1.91632330418 -2.10407710075 -0.00291446852498 0.0123255131766 0.838684499264
layer_3_1_theta_arc: -0.482628166676 1.49316883087 0.927348315716 0.269657880068 -2.95638036728 6.83367013931 -1.73359191418 2.17558813095 0.335215657949
layer_3_2_theta_arc: 2.39176416397 2.1388926506 2.27697181702 1.77214884758 -2.58232975006 1.65994477272 -5.71846008301 3.94429683685 2.60558509827
layer_3_3_theta_arc: 1.57986712456 1.03867089748 0.653171896935 2.71839570999 -4.02052021027 -0.26586779952 4.27362728119 3.9840760231 2.03521132469
layer_4_0_theta_arc: -3.21159100533 -0.00561504205689 -3.10595846176 3.52233624458 6.09775352478 -0.0054504997097 -4.94817590714 -4.29540538788
layer_4_1_theta_arc: 1.23889958858 1.24622178078 -3.82598543167 -5.26847028732 10.1852893829 0.586455523968 2.82567000389 -5.40290212631 0.607588231564
layer_4_2_theta_arc: 1.69943714142 -0.0701507627964 1.12571418285 2.8701877594 3.29011416435 0.234029218554 -0.542218089104 -3.39410591125 1.78945457935
layer_4_3_theta_arc: -3.58793854713 -3.2158536911 -3.9729616642 -3.9000184536 -1.08928537369 -3.58926820755 7.49859762192 4.74073076248 -3.72968387604
layer_5_0_theta_arc: 0.0192074198276 0.00657808315009 0.917892754078 0.133266836405 8.49692153931 -0.00101746269502 9.50651836395 -8.57391262054
layer_5_1_theta_arc: 0.397060781717 -0.167066752911 -0.293297886848 2.40359783173 3.32767319679 -0.534767448902 9.33314609528 -12.9549665451 -0.825235843658
layer_5_2_theta_arc: 0.561407506466 -0.362913787365 1.00022733212 0.895066142082 -6.05090427399 -0.50528973341 -0.88984888792 0.160055086017 0.177961707115
layer_5_3_theta_arc: 4.45603466034 4.07656574249 7.54799985886 4.45248031616 -21.0651779175 3.9050078392 -2.14431214333 0.717434883118 8.93654441833
layer_6_0_theta_arc: 0.0486184544861 -0.00114730524365 0.0465402454138 0.282470911741 3.35837340355 0.0139526166022 -2.26823425293 1.00963842869
layer_6_1_theta_arc: 4.69588661194 1.24318993092 0.925979912281 1.00637149811 -0.916749060154 -1.00881099701 -0.0124823600054 -3.00658249855 2.05566191673
layer_6_2_theta_arc: 1.51039671898 2.48579192162 4.5111284256 0.669148027897 -0.360159635544 2.16392922401 -5.56982707977 -1.8398412466 2.79572868347
layer_6_3_theta_arc: 4.39525794983 3.59569334984 4.17822170258 6.48472929001 -4.18366289139 5.19808721542 -9.26663589478 0.00941652525216 3.52995586395
layer_7_0_theta_arc: 2.42415213585 9.21856212616 0.946170926094 1.76540195942 0.604764997959 -0.880720436573 1.56467318535 -1.23314595222
