layer_1_0_theta_arc: 16.8702087402 -0.509761452675 -1.28124809265 -1.89049363136 -2.61028051376 -3.06878685951 -3.46365380287 -4.06352853775
layer_2_0_theta_arc: 17.543138504 -0.351854473352 -1.22786355019 -2.85998249054 -2.38576006889 -3.25485992432 1.28606927395 -1.73653805256
layer_2_1_theta_arc: 17.4419956207 -0.31938457489 -0.891170024872 -1.50385332108 -1.96113872528 -2.65587353706 -2.89767169952 -3.42099642754 -4.03675127029
layer_2_2_theta_arc: 16.6706504822 -0.191500708461 -1.06966328621 -1.64796125889 -2.19793391228 -2.59002614021 -2.96956658363 -3.22465729713 -3.65369367599
layer_2_3_theta_arc: 16.3725223541 -0.259240716696 -1.00545346737 -1.4520586729 -2.2118639946 -2.12666487694 -2.87191271782 -2.9973218441 -3.49655508995
layer_3_0_theta_arc: 14.4598035812 -0.108282066882 -0.610910415649 -1.45242190361 -1.16714715958 -1.73391854763 -3.632335186 -1.51649749279
layer_3_1_theta_arc: 15.4507246017 -0.0491920299828 -0.818973362446 -1.30867218971 -2.04626846313 -2.31290459633 -2.74115252495 -2.9782075882 -3.6554005146
layer_3_2_theta_arc: 15.243680954 -0.0200770776719 -0.71424973011 -1.36369967461 -1.93862938881 -2.23728942871 -2.89561080933 -2.94235825539 -3.82126450539
layer_3_3_theta_arc: 14.4575767517 -0.0140831358731 -0.711273014545 -1.11299002171 -1.63253879547 -2.01573777199 -2.60341787338 -2.80304288864 -3.17011666298
layer_4_0_theta_arc: 11.5431280136 0.559353172779 -1.92373096943 0.102634236217 -0.585259199142 -2.25528454781 -0.27915507555 -1.03418922424
layer_4_1_theta_arc: 13.6866579056 0.0800330340862 -0.520870864391 -1.20062708855 -1.71906149387 -2.17895102501 -2.48132228851 -2.72699069977 -3.16104722023
layer_4_2_theta_arc: 13.3257789612 0.261583447456 -0.337707519531 -0.922483384609 -1.498924613 -1.91974496841 -2.75620126724 -3.13507628441 -3.20602965355
layer_4_3_theta_arc: 12.502073288 0.353554755449 -0.351498186588 -0.978763341904 -1.32991743088 -1.97515833378 -2.56819057465 -2.74453854561 -2.98892188072
layer_5_0_theta_arc: 12.8411369324 0.331588238478 -1.04167747498 -1.72277319431 -0.882633507252 -1.77300643921 -1.28206479549 -0.557950794697
layer_5_1_theta_arc: 11.0614976883 0.338444322348 -0.251351028681 -0.787734746933 -1.24535501003 -1.56754624844 -2.18043351173 -2.39925980568 -2.90643262863
layer_5_2_theta_arc: 10.2885799408 0.561473965645 -0.157887712121 -0.693489670753 -1.21304988861 -1.66187417507 -2.068379879 -2.39939308167 -2.75534200668
layer_5_3_theta_arc: 9.71094036102 0.539464473724 -0.00628080964088 -0.539855062962 -1.05346310139 -1.49700534344 -2.12563514709 -2.28102350235 -2.7977707386
layer_6_0_theta_arc: 2.95619535446 5.21218347549 1.06072831154 0.186328917742 -2.56809520721 -1.83640480042 -0.488854408264 -0.111487410963
layer_6_1_theta_arc: 7.89175128937 1.01482582092 0.177300184965 -0.385787755251 -0.757072925568 -1.31863379478 -1.9698779583 -2.20798254013 -2.65953850746
layer_6_2_theta_arc: 6.29975700378 1.73158681393 0.690481066704 0.00988262332976 -0.700139462948 -1.38964354992 -1.92395269871 -2.03697109222 -2.56724023819
layer_6_3_theta_arc: 5.68137693405 1.74538445473 0.813439249992 -0.0204611495137 -0.499553859234 -0.980217158794 -1.57533335686 -2.20080184937 -2.5370182991
layer_7_0_theta_arc: -2.60639405251 2.96986293793 -3.20262718201 -0.336696028709 1.02064585686 -0.637606084347 0.607356309891 2.03339076042
