layer_1_0_theta_arc: 3.62688350677 10.8136138916 -6.28070402145 1.11525595188 0.17501924932 -1.74689662457 -1.18255388737 -2.94056940079
layer_2_0_theta_arc: 13.2457790375 -0.353657513857 -0.734829068184 -1.20383429527 -3.50971889496 -1.69227278233 1.92702150345 -6.36051940918
layer_2_1_theta_arc: 12.5921421051 -0.23839238286 -0.951080560684 -1.02684009075 -1.39632749557 -1.74586117268 -1.92169594765 -2.14656496048 -2.43071460724
layer_2_2_theta_arc: 6.85542297363 -1.10498869419 -1.03109049797 -2.08639383316 9.55298519135 -2.92644476891 -3.04290676117 -3.52206969261 -3.76465058327
layer_2_3_theta_arc: 5.11810779572 8.80613613129 -0.437587440014 -1.77594506741 -1.93045938015 -2.54256439209 -2.7783472538 -2.48779678345 -3.70620274544
layer_3_0_theta_arc: -1.19196128845 11.0833244324 -0.379763513803 -0.376008212566 -5.556681633 -1.5892264843 -0.607379496098 0.810046672821
layer_3_1_theta_arc: 4.30563735962 3.77786493301 0.85099196434 -0.0461440235376 0.720661580563 -2.65769314766 -0.597756803036 -0.0273691937327 -3.89580750465
layer_3_2_theta_arc: 13.7102308273 -0.147262632847 -0.338125139475 2.04578280449 -4.55681705475 -1.1269017458 -4.58427286148 -2.5231180191 -2.01005768776
layer_3_3_theta_arc: 7.98351573944 8.86304092407 3.11850547791 0.15201985836 -5.15174818039 -0.976921260357 -9.05000209808 2.12173891068 -2.1634554863
layer_4_0_theta_arc: 10.2959880829 0.00430541438982 -0.582012593746 -1.22726964951 -1.97197294235 -1.74921894073 -2.30981063843 -2.7896938324
layer_4_1_theta_arc: 7.49731779099 0.00302841514349 7.58284759521 -0.579268157482 0.701628148556 -1.60873520374 -0.34168612957 -5.33392858505 -2.7647664547
layer_4_2_theta_arc: 5.98441791534 1.20189297199 4.34896278381 0.468424081802 4.30114078522 -0.629193305969 1.4193649292 -1.64764773846 -2.35775160789
layer_4_3_theta_arc: 6.52514743805 0.827415406704 -0.690425217152 -5.04136562347 -9.66505050659 -1.64608025551 3.23594808578 9.19857978821 -2.22640633583
layer_5_0_theta_arc: 9.25428009033 0.299324125051 -0.641302645206 -5.6173992157 -1.7138043642 -1.65462768078 -1.31876015663 0.417522966862
layer_5_1_theta_arc: 7.22634553909 5.10247850418 1.67700254917 0.885501861572 -1.70841300488 -0.251039803028 -2.52043032646 -4.96487808228 -1.80389964581
layer_5_2_theta_arc: 10.205198288 -0.127555474639 -0.751607358456 -1.16817605495 -1.1975287199 -0.832951188087 -3.04982042313 -1.40160107613 -2.06476950645
layer_5_3_theta_arc: 8.34475803375 0.995899260044 -0.0772507861257 -0.936889231205 3.16815447807 -1.1583789587 -11.446647644 7.19436883926 -1.44257164001
layer_6_0_theta_arc: 6.83415365219 0.62401330471 0.133529350162 -0.459826588631 -1.27115678787 -1.22141194344 -1.48748421669 -0.951239287853
layer_6_1_theta_arc: 10.198890686 1.85287344456 0.52706605196 0.391533881426 -7.52793312073 -0.629278600216 0.864313721657 0.0953443050385 -1.24787974358
layer_6_2_theta_arc: 7.2659034729 -0.271905750036 0.628679633141 -0.117972686887 -4.6671500206 -0.819176375866 3.27451133728 -4.56544399261 -0.838023662567
layer_6_3_theta_arc: 0.0956429839134 -0.478134512901 -0.743680119514 0.0206820536405 3.41992545128 5.86313009262 -1.54215586185 0.41353353858 -1.71218180656
layer_7_0_theta_arc: -1.773665905 9.06097412109 3.2985637188 -0.0444636009634 -2.07075452805 0.326671391726 0.161546200514 1.20175278187
